image: map.pgm
resolution: 0.050000
origin: [-105.599997, -63.249998, 0.0]
negate: 0
occupied_thresh: 0.65
free_thresh: 0.196
